3548
3310.5
1047.5
3704
1378.5
1849.5
1243
1836
2168
2052
3218
2792
2185
1193.5
2474.5
2045
2247.5
3956
1581
1824.5
1652
2336.5
1772
1841.5
3235.5
2773.5
1110
1626
2892.5
1260.5
915.5
4338.5
1700.5
1952.5
610
1145
1487.5
1930
2801
2061.5
2437.5
1822
2760
888
2596
3151
1755
1985
2130
1427.5
1780
1712
3493.5
2337
1424
1480.5
2036.5
2520
1309
4418
1428.5
1671
1901
1859
1921
1379
3958
2335
1568
2264
1917.5
1848.5
2720
2291.5
2673
1599.5
2209
1470.5
2215
1924
4141
1420.5
933
918.5
2007
1721
2144
3145
2257.5
1398
1104.5
1925
2712
2151.5
1334
3578
1365
1618
1558
1326
1799.5
3817
1269.5
1235
1187.5
1617
1199
667
3002
1125
1282.5
1750
1675
2297
971
2674
1955.5
967.5
1438.5
1435
2960
1519
3037
2118
2002
1069
1180.5
1770
1602
3229.5
2204
1300
1984.5
1426
1859.5
961.5
3430.5
2205
1658
666.5
1311.5
942
1366.5
3608
1491.5
1178
1264.5
2380
1901.5
1232.5
3186
1981.5
1412.5
1441.5
1408
1753.5
1788.5
4026
2692.5
1413
1225
968.5
2491.5
1584
3313
2158
1043
1055
1420
2369.5
543.5
3642.5
1453.5
1668
576
1488
1645.5
1308.5
3361.5
1308
1157.5
1803.5
2488
1799
1710
1253.5
1950
1330
849.5
1875
1271.5
1958.5
3770
1562
2077.5
1085
2056.5
1848
1302
2430.5
1936.5
764
881.5
1486
1807
1502
2420
3037
1350
1870
2370
1562
1829
3474
1227
1316
1914
2334
1682.5
1320.5
2260
1976
1805
1625
2666.5
1449.5
2614
4122
1362.5
2122.5
1695
2340.5
2513
1646.5
4143.5
1505.5
2176
1518
2796
2393.5
1696.5
3266.5
2008
2131
2005.5
1974
2354.5
2214
4092
2393.5
1480
1490
1316.5
1886
2435
3536
1663
879.5
2169
1238.5
1080.5
1123.5
3238
1630.5
1417.5
1317
783
1869.5
873.5
1767
2462
1678.5
1523
1860.5
1203
1699
3967
1832
1620
1790
1934.5
1601.5
1763.5
4495
1855.5
1246.5
496
2323.5
1860
1108
3727.5
1281.5
1452.5
1150
2912.5
1470.5
2355
2692
1424
1523
1567
1364
1026
2368.5
3390
3505
2481
1370.5
1352
1726.5
1981
2956.5
1168
2049
1650
1966
2081
1165
2737
2298.5
1506
705
971
1404
1536
3612.5
1817
1456.5
1590
1124
1182.5
725.5
3344
1313
1698
1095.5
1919.5
898
793.5
3088.5
1645.5
1118
986
1632
1801.5
1526
3308
1426
1057
1488
1211
1016
721
3002
2099
997
725
1654
3299
1948.5
3047
1851
1281
990
3235.5
