520.5
465
615
347.5
404
428.5
763.5
543
386
648
372
459
642.5
605
543.5
614.5
545
417.5
461
581
574.5
612
636.5
642
501.5
485.5
573.5
610
516
562.5
611
615.5
488.5
550.5
632.5
610
645
602.5
630
501
521.5
637.5
521.5
260
520
606
551
455
585
530
510
500
562
643.5
587
604
626
576.5
520
419
418
438.5
371
461
509
521
589
608
335
408
363
517.5
553.5
620
491.5
423
599.5
509
470.5
715
324
541
470.5
433
568.5
507
322
424
345
357.5
488
504.5
420
492
501.5
534
418
525
418
458
326
499.5
430
469.5
435
487.5
527
499
467
402
530
382.5
556
475
397
371
549
405.5
467.5
438.5
435
395
419
437
518
402
369
380.5
580
625
405
404
400
406
370
459.5
461.5
501
505
548
296.5
361.5
542
366.5
458
391.5
578
364.5
380
401.5
432.5
390
511.5
159
334.5
338
403.5
428.5
526
452.5
413
375
568.5
591.5
414
513
408
543
505
420
569.5
543.5
542.5
503.5
768
576
418
495.5
398.5
411.5
408
607.5
473.5
488
399
410
388.5
420.5
530
449.5
425
471.5
458.5
520
562
577.5
485
506.5
548
502
430.5
436.5
764
881.5
486
507
312
497
437
600
670
440
642
529
614
527
692
314
584
682.5
620.5
610
276
705
625
566.5
749.5
514
522
412.5
422.5
495
557.5
513
446.5
449.5
505.5
726
518
596
313.5
496.5
466.5
508
531
507.5
524
704.5
614
572
593.5
660
540
516.5
686
585
558
663
879.5
669
538.5
580.5
623.5
758
651.5
407.5
517
683
559.5
373.5
617
592
578.5
523
510.5
503
599
467
632
670
390
434.5
601.5
591.5
575
585.5
546.5
446
463.5
490
358
527.5
631.5
552.5
450
442.5
670.5
655
392
424
523
367
564
726
368.5
590
505
481
470.5
452
726.5
581
586.5
565
855
630
486
681
615
637
598.5
486
335
371
774
696
464.5
517
556.5
540
574
682.5
225.5
444
513
698
575.5
469.5
798
593.5
588.5
645.5
618
686
432
551.5
526
608
506
757
588
611
716
521
752
549
686
725
654
619
488.5
476.5
501
781
990