0
1175
3263.5
1286
1648
1020.5
2000.5
1219.5
1038.5
1397.5
582
1109
1084.5
1718
1144.5
2156
2177
150
1678
1081
2189.5
1010.5
1751
2004.5
648
1731
2221.5
1872
875
2008.5
1665.5
945.5
2387
1883.5
2199
1193.5
1210.5
1280.5
1886
1382.5
1153
1009.5
616
1814
1977.5
800
1805.5
1742
1540
1392.5
1159
1638
1399
1271.5
1967
2275.5
1489
1728.5
1981.5
378
1479
1395.5
1172.5
1322.5
1414.5
1598
821
1023
1418.5
1180
1012.5
1739.5
1649.5
1931
1560
1198.5
1270
1749.5
1466
1593
352
1448
1762
1581
1325
1660
1591
1552
948
1606.5
2588.5
2884
981
1357
0
502
1697
1832
1499.5
1664.5
2086
874
1325
1656
1917.5
1315.5
2123.5
2957
784
1989.5
1479.5
1106
1376
1293.5
1950.5
1464
1510.5
1910
2317
1433
1128
1576
165
1106
897.5
1625
1817.5
1613.5
2112.5
630
591
1619
1249.5
2178.5
880
2292.5
520
908
1705
2152.5
1311.5
1988
2034
744.5
1257.5
1105
1687
774
1158
1339
684
802
1103
1229.5
994
1392
1247.5
187
576
1938.5
1296
1705.5
854.5
1022
397
894
1266.5
2419.5
1322.5
879
2449.5
1060
770
896
1935.5
1530
754
1452
389
940
1278
1595
1106
1096
1315.5
504
1330
1652
1913
982
1343
1082.5
157
2019
670
1815
1196.5
994.5
1782
1329.5
1614.5
1609
2219.5
1760.5
1348
2457.5
558
667
1117
1481.5
1556
1648.5
2173.5
1162
1538
1517
1353.5
681
1748
1685
1582
1074
1293
1843.5
723.5
1557.5
2005
913
1618
905.5
1761.5
727
1055.5
1952.5
1020
1712.5
1168.5
1414.5
703
1619.5
1768
490
2477
1395.5
1585
1299.5
1468
2683.5
636
895
1711
1396.5
1796.5
1898
1743.5
730
1317
2093.5
1320
1621
1512.5
1719.5
1155
1553.5
1715.5
1473
2045.5
1453
1950.5
2625
957.5
1707
1716
1511
2094
2312.5
2030
1848
1311.5
1632.5
921.5
1204
1850.5
669
1207.5
1794
2346.5
598.5
1670
1586.5
660
1569
1472
1592.5
912.5
1417.5
1734.5
1045.5
1712.5
1253
1396.5
1355.5
2257.5
1384
1467
1930
1212
1878
1402
1090.5
1894.5
1382
1725.5
1499
2094.5
528
1604
2352.5
1766.5
1610
1480.5
1748
1871
1431.5
1959
709
1511.5
1647
1914.5
1899.5
2190
2359.5
605
1827
1632
1698.5
1727.5
1887
2452.5
560
1525
2505
2219.5
2283
1243.5
1950
1034
2340.5
2037
2605.5
2146
2295.5
2539
825.5
1326
1984
1828.5
2963
470
1788.5
586.5
1087
1673.5
1922.5
3410