956
609
1076
1089.5
1411
1819.5
1474.5
2012
1772.5
1467.5
1664.5
1812
1841.5
2413
2088
1633.5
1833.5
1906.5
1872.5
1543
2601.5
1679.5
1965
2303.5
2249.5
2165.5
1655
2919.5
2425.5
1671
1910
2276
1981.5
2127.5
2680
2817
2280.5
2110
1735.5
2324.5
1862.5
2295
1785.5
2995.5
2109
2380
2000
1918
2271
2134
2132
1317
2292.5
2403
1780.5
3434
2612.5
2383
2503.5
2263
2612.5
3711.5
2542
2920
2329
2120.5
2414
2462.5
2885.5
3403
2663.5
1773.5
3036.5
1974.5
2922
1946.5
2587.5
2527.5
2018.5
2660
2119
2499.5
2441
3071.5
2921
2752
1936.5
2278.5
2364.5
2373
3513.5
2921
2716
1856
2510.5
3242.5
2509.5
3654.5
2157.5
2487.5
2689
2494
2396
2352.5
3616
2814.5
2165
2628
2981
2316
2992.5
3247.5
2976.5
3008
2725.5
2515
2412
2431.5
2689
2327
3160
2788
2458
2438
3363.5
3187.5
2724
2535
2848
2849
2972
3030
3722
2938
2147
2868
2858
2941
3093.5
3162.5
3334.5
3021
2928.5
2252
3028.5
3221
3012
2691.5
2479.5
2446.5
2446
2400
1373
2995.5
2492
2607
2440.5
2909
2759.5
2995
4044.5
2794.5
2837
3091.5
3355.5
2912.5
2454.5
2687
3039.5
3048
3338.5
2930.5
3204
3059
3381.5
3212.5
3091
2693
3472
2864
2976.5
3889
2655.5
2994.5
2823.5
3511.5
3430
2952
3873
3258.5
3107
2248
3138
2578
3477
3842
2464.5
3414
2659.5
1975
2542.5
2759.5
3950.5
3094.5
2487.5
2555.5
3095.5
3331.5
2884
2766.5
3268
2745
3136.5
2274.5
3027.5
2881.5
4147
3655.5
2035.5
2371.5
2728
3111.5
3295
2953
3177.5
3047.5
3420
3258
3767.5
3485.5
5462
3068.5
2652.5
2473.5
2801
3077.5
3018
4022.5
2984
2663
3045.5
3070.5
3194
3114
3515
2735
2667.5
2777.5
2747
2497
3047.5
4087.5
3026.5
3308
2998
2821.5
3148.5
4009
4651
2728.5
2726.5
3118.5
3253
2974
3200.5
3440.5
3583
2314
2658.5
2289.5
2504
2658.5
3440
2769
2758.5
2664
2493.5
4064.5
4413
4642
3880.5
3053
2996
2726.5
3333
3057.5
3484
2515
3144
2903
2565
3026.5
3113
4480.5
2787
3097.5
2434.5
2181
2608.5
3390
3630
3181.5
3243
2434
2131
2526
3215
3335.5
2244
2741.5
2926
3016.5
2776
3070
3100.5
2904.5
2897.5
3451.5
2604.5
3178
2695.5
3914
2576
2851
2618.5
2626.5
2557.5
3654.5
3061.5
2141.5
2520.5
2651.5
2229
3398.5
3411.5
4032.5
2767
2957.5
2884
2360.5
3430.5
3580.5
3631
3963
2783.5
3103.5
2935.5
3338
2839.5
3476
2780
3339.5
3787.5
3586
3207
3186
3300
3224
3065.5
2550
2938
2824
3284
4290
3339.5
2820.5
3260.5
2917
2526
2674.5
3343
3008
3212.5
3276.5
2696.5
3117.5
2877
3939
2950
3134
3493.5
2026.5
2840
4074.5
3688.5
2792
2977
2783.5
2852
3202.5
3049
3516
2943
2595.5
2760
2194
3215.5
3205.5
4233.5
2706
3078
2768.5
2763.5
2965
2505.5
3701.5
2939.5
2649.5
4799.5
3211
2882.5
3471.5
3734
2581.5
2753.5
4520
3027.5
4020.5
3696
4642.5
2622.5
2441.5
2480
2512.5
2820.5
2801.5
3428
3442
2627
2306.5
3075.5
3586.5
3879.5
3688.5
2798
2324.5
3267
2735
2886.5
3204
3382
4019
2758
2888
3251.5
2706.5
1970
4668.5
3599
3285.5
2176.5
1728.5
2053
2608
4057
2943
3069
2194
2854.5
2442
4053.5
3345
3009.5
3272
3085
2290
2429
2850
4330.5
2965
2804
3152
2899.5
3672
2770.5
4377
2489.5
2628
2702.5
2720.5
2826.5
2456
4190
2750
2651.5
3036
2567
3070.5
3816
3602.5
3741.5
2375
2879.5
2711
3210.5
2802
4169
2327.5
2224.5
2066.5
2763.5
2874
3413
4273
2860.5
2647
3205
4304.5
3273
3016.5
832.5
3546
2644
2925
2639.5
2532.5
3559.5
4191.5
2164.5
2421.5
2670
2445
2795.5
3125
3319
2712.5
2232
2473.5
2495
3115.5
2524.5
3767
2917
2472
3288
2429.5
3653
2700
2783
2787
2381.5
2292
2629
3003
3134.5
3234.5
2390
2515
2834
3198.5
2369.5
2794.5
3489
2612
2858
2271
2326.5
2568.5
2858.5
3986
2291
1891.5
2373.5
2789.5
2679.5
2170
3437.5
2393.5
2004
2512
2067.5
2807.5
2632.5
3784.5
2742.5
2899
2108
2299
2777.5
2014.5
3296
2539
1901.5
2931.5
2237.5
2828.5
2423.5
4159
1681
2060.5
1743.5
2442
1981.5
2265
3352
1836.5
2027.5
2791
3120.5
2407
2626.5
1347.5
2891.5
2561.5
2232.5
2407.5
2189.5
2569.5
3468.5
3061
2185.5
2322.5
2768
2336
2536
3258
3120.5
1936.5
2337
2365
2669
3452.5
2666
3207
2030
2751.5
3256
2770.5
3360.5
4107
2151
2306
2575.5
2701
2846.5
2323
3221.5
2440
2822
2763.5
2765
2440.5
3869.5
4521
2458.5
2615.5
3034
2572.5
3011
3086
4717
2768.5
2839
2206.5
2981
3417
3151
3260
4018.5
3018.5
3059.5
2766
3298.5
4193
4114
2716.5
2597.5
2226.5
2573
3267.5
3492.5
3681
2422
2310
2609.5
2190.5
2054.5
2262.5
3769.5
2426
2481.5
2382.5
2311.5
2639.5
2264.5
4018.5
2802.5
2793.5
2660.5
2848.5
2786.5
3508.5
5398
3213
2299.5
2752.5
2466
2371
3012.5
4572.5
2488
2455
2296
2476
3066.5
2204.5
4029.5
2323
2293
2190
3375
2445.5
3419
3082.5
2744.5
2352
2440.5
2352.5
2719.5
3026.5
4488.5
4845
3188
2767.5
2283.5
2365
3149
3757.5
2307
2983
2889.5
1864
3199
2836.5
3888.5
3271.5
2388
1967
2507
2464.5
2721
3625.5
2864
2586.5
2948
2483.5
2798.5
2402.5
3723.5
2696
2817
2096
3071.5
2315.5
2448
3055
2582
2977.5
2587.5
3229
2613
2924.5
3816
3158.5
2588
3336.5
2769
2700.5
2544
3306.5
2673
2432
1867.5
3892
3115
3118
3145
2461.5
2453.5
2131.5
5655.5
1956
2544
4175.5
2283
2089.5
2973
2707
2673
2883.5
2407
2645.5
2541.5
2978.5
2577
1981
2762
3169.5
2176.5
1995.5
2579.5
1862.5
2373.5
2823.5
2569
3152.5
2880.5
2305.5
2923.5
2549.5
3093
3272
3146.5
1813.5
1749
2255
2977
3390.5
2600.5
2375
2090.5
2336
2102.5
2287
2451
2275
2685.5
2962
2196.5
1693
2481.5
2850
3030
1889.5
2285
2865.5
2127
2667.5
2581.5
2695
2903
1870.5
3121.5
2917
2763.5
2682.5
3047.5
2777
2197
2224
1889
2365.5
5036
2739.5
2331.5
2050
2607.5
2352
2501.5
3508.5
2298.5
2775
2250
3366
2626
3246.5
2046.5
3182.5
2757
2077.5
2710
2510
2205.5
2493
3515.5
2612.5
2630.5
2024
2052
2499
2435.5
3148.5
2347.5
2907
2591.5
2375
2245.5
2093
4129
2679.5
2307.5
2050
1682.5
1772
2329.5
3330
2445
2697.5
2666
2222
2947.5
2956.5
4333
2455.5
2580.5
2818.5
2037.5
2239
2059
3039
3210.5
2060.5
2645
2726
2761
3157.5
2374
3087
1540.5
2916
2358
2323
2905
2750
2883
3505
2558
2612.5
1544
3008.5
2979.5
2331
2724.5
1993.5
2004
2172
1962.5
2385.5
2408.5
2097.5
2122.5
2299
2208
2050.5
2351.5
2314.5
3076
1296
1487.5
762.5
2237.5
3351.5
2124.5
3559
1691
1774.5
1662
2650.5
1537
3108
2182
3085.5
3165
2791
2380.5
2511
3025.5
1947.5
3291.5
3161.5
1703
1717.5
2089.5
2169
3178.5
2561
2462.5
1933.5
2984
2696
2277
3258
2420.5
2336.5
2437
2255
2271
2852
1308
3594
1976
2641.5
2866
2660.5
2753.5
2859
2553
1880
2330.5
2586
2725.5
1623
3292
2540
2923
1415.5
3244
2151.5
3743.5
3823
1608.5
2396
3132.5
2672.5
2212.5
3165.5
3606.5
1758.5
2463
2352.5
3205
3517
3150
2920
3741.5
2218.5
2959.5
2766.5
3180.5
2993
4316
1566
2554
2395.5
1326
2627.5
2630.5
3877
2422
2351.5
2210.5
2065.5
2354.5
2108.5
3666.5
2186
3257
2232.5
2926.5
2410.5
2164.5
2577.5
2138.5
2703.5
2799.5
2746.5
1986.5
2508.5
2598
2971
2076.5
2825.5
2086
2801
3172
4960
1911
3194.5
2657.5
2876
2584
1844.5
4039.5
1823
1793
1617
1865
1695.5
1772
1951.5
2186.5
2665.5
1991.5
2631.5
2342.5
3405
3261.5
3145
2091
2367
2183.5
2150
2449
2847.5
2885
1783
2653
2340
3173.5
2659.5
2195
2246.5
3379.5
2778.5
2524.5
3028
3408.5
2705
3027.5
3163
3595
3312
3096
2535.5
3205
3653
3589
2305.5
3717
3321.5
2751.5
3284
2697.5
2195.5
2493
3825.5
4071.5
3319.5
2514.5
3117
2934
2978.5
3535.5
3994.5
3865.5
3392.5
3569.5
2814
3779
5201
3236.5
3060.5
2365
2960
3054
3623.5
5254.5
2505
3813
3319.5
3250
2764
2375.5
2742
3661
2766
2579.5
2189
3142
2595
3414.5
3120.5
2692.5
3412
3077.5
2706
2740.5
3120
3977
3117.5
2596
3197.5
2626
2828
3080
3071
3074.5
2523.5
2570.5
2566.5
3085
2953
2897
3400.5
2961
3461
2827
3207
3345
3947
2578.5
3564
3243.5
3005.5
3438.5
3245.5
4498.5
3424
3838
2739.5
3434
3356.5
3204.5
3831
3861.5
2736
3319
3299.5
2499
3774
3998
3470.5
2663.5
3470.5
2839
2575.5
3159
3347
2682
2102
2891.5
2253.5
2791
2938
2508
2964.5
2514.5
2331
2658
2492.5
2613.5
3218
2819.5
2227
2216
2491.5
2759
3502.5
3742.5
3008
2321.5
2979.5
2877.5
2389
3072.5
1627.5
3004
2490
3071
4251
4482
3334.5
2940
3099
3228
3275.5
2628
2661
3168.5
3668
2733.5
2372
2567.5
2910
2687
3424
3224
